100,1

1: 61 , 68 , 14 , 46 , 72 , 69 , 69 , 38 , 9 , 66 , 50 , 66 , 65 , 40 , 36 , 41 , 97 , 2 , 32 , 98 , 35 , 37 , 98 , 4 , 67 , 21 , 66 , 35 , 66 , 45 , 21 , 34 , 74 , 75 , 70 , 93 , 96 , 46 , 34 , 76 , 30 , 15 , 81 , 46 , 4 , 71 , 77 , 9 , 97 , 72 , 58 , 16 , 60 , 50 , 60 , 96 , 10 , 89 , 93 , 44 , 59 , 79 , 11 , 48 , 76 , 76 , 93 , 71 , 93 , 0 , 21 , 49 , 76 , 2 , 96 , 45 , 72 , 3 , 41 , 92 , 40 , 52 , 43 , 36 , 27 , 87 , 44 , 21
2: 80 , 52 , 12 , 69 , 37 , 69 , 80 , 26 , 85 , 75 , 56 , 78 , 4 , 69 , 33 , 31 , 89 , 5 , 36 , 47 , 85 , 57 , 76 , 82 , 60 , 90 , 38 , 87 , 68 , 45 , 87 , 75 , 49 , 62 , 29 , 21 , 70 , 28 , 32 , 96 , 98 , 72 , 64 , 9 , 96 , 18 , 44 , 65 , 94 , 16 , 17 , 33 , 25 , 32 , 65 , 86 , 65 , 52 , 86 , 5 , 40 , 98 , 92 , 42 , 40 , 83 , 65 , 86 , 13 , 81 , 14 , 32 , 84 , 14 , 11 , 45 , 43 , 68 , 35 , 22 , 13 , 3 , 45 , 69 , 75 , 84 , 1 , 70 , 40 , 43 , 76 , 32 , 28 , 82 , 16 , 67 , 20 , 60 , 81 , 96 , 52 , 60
3: 32 , 84 , 7 , 35 , 80 , 54 , 44 , 69 , 59 , 60 , 91 , 49 , 92 , 18 , 86 , 97 , 92 , 4 , 45 , 10 , 86 , 83 , 62 , 12 , 36 , 99 , 56 , 16 , 5 , 46 , 92 , 16 , 24 , 64 , 96 , 8 , 70 , 21 , 3 , 8 , 1 , 63 , 38 , 84 , 69 , 50 , 14 , 36 , 13 , 90 , 62 , 87 , 32 , 21 , 25 , 6 , 88 , 38 , 30 , 82 , 30 , 96 , 60 , 10 , 15 , 21 , 16 , 59 , 40 , 30 , 34 , 44 , 45 , 91 , 29 , 13 , 93 , 99 , 17 , 0 , 31 , 95 , 84 , 46 , 56 , 61 , 83 , 95 , 28 , 90 , 26 , 10 , 25 , 6
4: 16 , 32 , 53 , 80 , 71 , 23 , 16 , 5 , 43 , 30 , 70 , 98 , 42 , 94 , 86 , 52 , 65 , 83 , 95 , 81 , 44 , 15 , 25 , 46 , 47 , 16 , 7 , 36 , 10 , 61 , 16 , 61 , 35 , 2 , 66 , 88 , 75 , 37 , 50 , 9 , 60 , 95 , 63 , 36 , 22 , 53 , 21 , 85 , 12 , 87 , 83 , 88 , 88 , 52 , 87 , 3 , 48 , 71 , 93 , 63 , 15 , 25 , 52 , 0 , 50 , 13 , 3 , 8 , 89 , 10 , 72 , 8 , 2 , 18 , 16 , 81 , 80 , 75 , 85 , 44 , 81 , 99 , 18 , 67 , 57 , 65 , 92 , 50 , 23 , 41 , 31 , 44 , 51 , 18 , 62 , 65 , 44 , 53 , 16 , 12 , 21 , 27 , 46 , 51 , 56 , 51 , 25 , 57 , 40 , 72 , 27 , 47 , 22 , 81 , 19 , 62 , 46 , 10 , 89 , 82 , 69 , 32 , 6 , 31 , 46 , 50 , 24 , 89 , 64 , 13
5: 15 , 64 , 92 , 3 , 99 , 71 , 17 , 46 , 72 , 69 , 68 , 94 , 17 , 7 , 77 , 54 , 39 , 16 , 37 , 97 , 84 , 31 , 55 , 76 , 18 , 81 , 42 , 35 , 4 , 25 , 60 , 60 , 27 , 32 , 71 , 98 , 91 , 66 , 27 , 49 , 11 , 94 , 5 , 28 , 35 , 27 , 7 , 65 , 28 , 34 , 81 , 40 , 35 , 62 , 4 , 65 , 24 , 37 , 36 , 81 , 84 , 69 , 35 , 27 , 98 , 44 , 65 , 72 , 21 , 29 , 15 , 42 , 59 , 81 , 40 , 42 , 43 , 18 , 93 , 89 , 12 , 97 , 22 , 57 , 64 , 86 , 98 , 89 , 54 , 23 , 1 , 24 , 64 , 33 , 62 , 92 , 83
6: 48 , 17 , 52 , 1 , 76 , 11 , 49 , 87 , 36 , 86 , 71 , 17 , 88 , 48 , 29 , 31 , 4 , 80 , 28 , 57 , 99 , 22 , 44 , 9 , 58 , 48 , 69 , 35 , 50 , 5 , 30 , 2 , 53 , 7 , 3 , 16 , 0 , 3 , 80 , 98 , 98 , 21 , 22 , 46 , 56 , 16 , 26 , 7 , 13 , 29 , 87 , 92 , 95 , 70 , 82 , 41 , 89 , 4 , 33 , 75 , 72 , 73 , 96 , 66 , 0 , 55 , 46 , 85 , 63 , 98 , 1 , 81 , 49 , 28 , 60 , 55 , 9 , 75 , 8 , 91 , 24 , 87 , 8 , 45 , 71 , 10 , 90 , 22 , 34 , 69 , 51 , 7 , 53 , 76 , 97 , 61 , 81 , 61 , 13 , 79 , 2 , 62 , 6 , 66 , 0 , 66 , 82 , 54 , 34 , 94 , 18 , 27 , 17 , 84 , 90 , 57 , 67 , 31 , 95 , 99 , 85 , 78
7: 25 , 77 , 54 , 17 , 4 , 47 , 55 , 96 , 12 , 27 , 45 , 38 , 77 , 8 , 44 , 18 , 55 , 32 , 88 , 48 , 59 , 78 , 18 , 59 , 41 , 20 , 74 , 81 , 11 , 70 , 11 , 22 , 66 , 56 , 98 , 30 , 65 , 73 , 48 , 39 , 92 , 25 , 7 , 73 , 4 , 94 , 30 , 23 , 65 , 70 , 78 , 48 , 91 , 78 , 24 , 95 , 90 , 32 , 80 , 44 , 40 , 48 , 64 , 7 , 11 , 33 , 22 , 32 , 39 , 38 , 14 , 76 , 52 , 45 , 12 , 98 , 0 , 79 , 72 , 46 , 39 , 39 , 14 , 83 , 90 , 43 , 2 , 88 , 46 , 5 , 83 , 32 , 54 , 72 , 97 , 90 , 18 , 54 , 18 , 81 , 82 , 26 , 47 , 72 , 65 , 22 , 37 , 61 , 8 , 43
8: 65 , 78 , 80 , 78 , 80 , 25 , 58 , 86 , 11 , 99 , 35 , 96 , 91 , 52 , 58 , 29 , 87 , 1 , 18 , 6 , 17 , 61 , 19 , 90 , 17 , 44 , 45 , 49 , 38 , 55 , 52 , 91 , 79 , 86 , 76 , 36 , 24 , 88 , 21 , 86 , 92 , 80 , 56 , 40 , 46 , 13 , 91 , 71 , 64 , 14 , 3 , 49 , 50 , 83 , 94 , 51 , 43 , 71 , 66 , 59 , 80 , 96 , 41 , 99 , 87 , 32 , 80 , 15 , 9 , 62 , 14 , 65 , 74 , 25 , 18 , 68 , 24 , 27 , 80 , 89 , 52 , 28 , 47 , 37 , 45 , 68 , 12 , 16 , 85 , 67 , 86 , 85 , 29 , 5 , 96 , 93 , 55 , 87 , 0
9: 71 , 28 , 65 , 64 , 98 , 75 , 28 , 38 , 24 , 82 , 12 , 57 , 37 , 69 , 63 , 37 , 51 , 9 , 83 , 67 , 73 , 2 , 82 , 20 , 1 , 3 , 86 , 48 , 9 , 56 , 94 , 13 , 70 , 93 , 5 , 94 , 11 , 72 , 80 , 75 , 76 , 93 , 0 , 71 , 59 , 18 , 88 , 33 , 50 , 72 , 45 , 13 , 78 , 32 , 96 , 13 , 59 , 19 , 10 , 46 , 44 , 45 , 84 , 15 , 20 , 24 , 92 , 96 , 40 , 46 , 47 , 39 , 85 , 37 , 75 , 85 , 50 , 88 , 56 , 4 , 98 , 41 , 79 , 79 , 11 , 77 , 29 , 58 , 30 , 68 , 10 , 13 , 14 , 89 , 4 , 81
10: 72 , 26 , 69 , 92 , 58 , 15 , 17 , 41 , 19 , 36 , 25 , 68 , 68 , 41 , 71 , 40 , 99 , 76 , 55 , 97 , 40 , 92 , 84 , 46 , 23 , 29 , 48 , 18 , 81 , 57 , 90 , 86 , 35 , 71 , 68 , 30 , 27 , 77 , 37 , 52 , 56 , 23 , 99 , 58 , 89 , 57 , 64 , 34 , 82 , 74 , 25 , 75 , 21 , 94 , 88 , 12 , 89 , 54 , 19 , 55 , 83 , 56 , 30 , 98 , 33 , 68 , 10 , 43 , 3 , 13 , 82 , 92 , 91 , 60 , 64 , 95 , 15 , 65 , 56 , 24 , 37 , 78 , 46 , 25 , 37 , 83 , 43 , 6 , 83 , 92 , 7 , 41 , 5 , 3 , 57 , 73
11: 20 , 39 , 95 , 42 , 23 , 59 , 56 , 2 , 59 , 72 , 47 , 58 , 11 , 85 , 68 , 29 , 19 , 43 , 81 , 78 , 91 , 67 , 48 , 34 , 23 , 97 , 59 , 40 , 86 , 81 , 93 , 62 , 45 , 26 , 11 , 60 , 51 , 46 , 74 , 99 , 70 , 19 , 12 , 64 , 76 , 53 , 54 , 34 , 86 , 14 , 28 , 52 , 39 , 16 , 35 , 17 , 38 , 88 , 59 , 64 , 55 , 31 , 22 , 7 , 76 , 72 , 76 , 16 , 67 , 22 , 99 , 30 , 44 , 41 , 19 , 47 , 96 , 96 , 2 , 35 , 57 , 61 , 28 , 93 , 63 , 88 , 1 , 95 , 72 , 20 , 14 , 28 , 5 , 15 , 73 , 35 , 89 , 71 , 87 , 72 , 69 , 74 , 25 , 7 , 99 , 6 , 6 , 9 , 39 , 95 , 84 , 80 , 71
12: 39 , 6 , 67 , 70 , 68 , 96 , 64 , 35 , 7 , 31 , 91 , 65 , 50 , 64 , 94 , 85 , 18 , 92 , 2 , 78 , 27 , 47 , 5 , 59 , 95 , 85 , 10 , 29 , 9 , 91 , 46 , 46 , 94 , 32 , 47 , 59 , 38 , 29 , 61 , 26 , 90 , 34 , 30 , 68 , 25 , 12 , 16 , 73 , 49 , 37 , 95 , 35 , 42 , 45 , 1 , 13 , 91 , 24 , 58 , 1 , 32 , 73 , 99 , 13 , 23 , 40 , 66 , 1 , 39 , 4 , 16 , 80 , 34 , 75 , 12 , 21 , 66 , 89 , 98 , 36 , 81 , 14 , 67 , 86 , 62 , 64 , 74 , 72 , 5 , 7 , 27 , 64 , 42 , 74 , 83 , 97 , 29 , 97 , 95 , 52 , 37 , 45 , 55 , 82 , 25 , 58 , 5 , 10 , 19 , 10 , 76 , 75 , 11
13: 58 , 7 , 8 , 73 , 28 , 99 , 47 , 3 , 77 , 66 , 60 , 55 , 95 , 24 , 87 , 12 , 73 , 49 , 61 , 97 , 45 , 86 , 58 , 67 , 29 , 33 , 2 , 30 , 19 , 63 , 50 , 99 , 33 , 0 , 52 , 35 , 82 , 90 , 73 , 86 , 2 , 94 , 40 , 21 , 78 , 71 , 85 , 76 , 12 , 96 , 33 , 71 , 70 , 9 , 14 , 32 , 54 , 19 , 31 , 62 , 31 , 15 , 48 , 21 , 42 , 11 , 87 , 12 , 11 , 93 , 89 , 76 , 5 , 59 , 80 , 46 , 63 , 12 , 79 , 52 , 58 , 54 , 13 , 78 , 63 , 9 , 4 , 9 , 89 , 27 , 27 , 25 , 22 , 49 , 26
14: 46 , 50 , 20 , 38 , 70 , 62 , 7 , 56 , 90 , 43 , 5 , 45 , 48 , 19 , 96 , 83 , 50 , 32 , 96 , 37 , 49 , 70 , 94 , 32 , 96 , 94 , 83 , 80 , 19 , 89 , 85 , 50 , 8 , 62 , 87 , 75 , 65 , 12 , 53 , 63 , 41 , 89 , 48 , 35 , 82 , 16 , 11 , 84 , 38 , 9 , 10 , 46 , 16 , 47 , 14 , 87 , 63 , 96 , 10 , 46 , 92 , 6 , 39 , 83 , 17 , 85 , 81 , 14 , 28 , 80 , 5 , 33 , 93 , 99 , 17 , 96 , 96 , 34 , 64 , 28 , 52 , 42 , 20 , 28 , 47 , 78 , 23 , 18 , 48 , 44 , 41 , 97 , 75 , 30 , 75 , 57 , 48 , 31 , 83
15: 44 , 33 , 71 , 28 , 96 , 93 , 22 , 47 , 52 , 7 , 99 , 2 , 88 , 19 , 72 , 49 , 58 , 39 , 74 , 88 , 28 , 35 , 17 , 60 , 99 , 27 , 16 , 9 , 61 , 38 , 40 , 55 , 45 , 34 , 13 , 88 , 34 , 73 , 13 , 26 , 19 , 41 , 48 , 21 , 72 , 63 , 32 , 42 , 99 , 52 , 19 , 13 , 88 , 38 , 78 , 8 , 71 , 59 , 42 , 65 , 26 , 23 , 77 , 72 , 43 , 52 , 5 , 66 , 7 , 1 , 97 , 95 , 5 , 55 , 13 , 7 , 0 , 57 , 93 , 52 , 70 , 25 , 42 , 62 , 22 , 32 , 36 , 74 , 87 , 13 , 74 , 47 , 14 , 81 , 73 , 41 , 97 , 17 , 16 , 40 , 16 , 2
16: 42 , 90 , 23 , 26 , 73 , 26 , 65 , 62 , 1 , 64 , 28 , 67 , 0 , 46 , 3 , 38 , 93 , 83 , 25 , 64 , 39 , 97 , 23 , 68 , 16 , 49 , 15 , 73 , 27 , 12 , 51 , 76 , 20 , 48 , 93 , 91 , 60 , 66 , 52 , 43 , 7 , 57 , 46 , 9 , 55 , 67 , 62 , 23 , 37 , 78 , 13 , 95 , 9 , 73 , 11 , 36 , 20 , 37 , 11 , 28 , 6 , 26 , 9 , 3 , 37 , 54 , 3 , 1 , 56 , 90 , 74 , 18 , 56 , 49 , 26 , 49 , 16 , 86 , 86 , 26 , 51 , 79 , 36 , 61 , 66 , 42 , 15 , 44 , 56 , 48 , 36 , 57 , 33 , 26 , 14 , 81 , 48 , 55 , 66 , 88
17: 52 , 64 , 43 , 51 , 73 , 78 , 45 , 47 , 87 , 15 , 1 , 42 , 92 , 45 , 84 , 87 , 44 , 84 , 72 , 74 , 99 , 72 , 36 , 99 , 2 , 91 , 90 , 14 , 74 , 41 , 8 , 21 , 16 , 37 , 10 , 69 , 71 , 48 , 29 , 52 , 60 , 17 , 89 , 29 , 97 , 68 , 15 , 68 , 27 , 40 , 36 , 70 , 8 , 29 , 79 , 68 , 15 , 79 , 40 , 18 , 24 , 19 , 70 , 35 , 18 , 95 , 41 , 81 , 50 , 78 , 37 , 31 , 64 , 7 , 49 , 3 , 19 , 36 , 78 , 19 , 73 , 27 , 62
18: 2 , 82 , 22 , 66 , 99 , 11 , 47 , 60 , 97 , 71 , 28 , 8 , 70 , 61 , 71 , 53 , 41 , 41 , 19 , 54 , 80 , 26 , 75 , 20 , 20 , 25 , 0 , 50 , 6 , 5 , 24 , 36 , 66 , 48 , 72 , 40 , 75 , 52 , 12 , 25 , 65 , 60 , 36 , 97 , 17 , 13 , 33 , 63 , 48 , 18 , 2 , 43 , 36 , 69 , 92 , 46 , 8 , 66 , 62 , 0 , 50 , 31 , 40 , 75 , 60 , 44 , 39 , 59 , 42 , 61 , 53 , 56 , 19 , 76 , 42 , 75 , 89 , 76 , 95 , 83 , 41 , 2 , 69 , 56 , 19 , 20 , 59 , 28 , 23 , 89 , 24 , 87 , 50 , 50 , 79 , 39 , 46
19: 19 , 42 , 49 , 60 , 41 , 25 , 79 , 11 , 42 , 0 , 71 , 32 , 83 , 49 , 14 , 29 , 26 , 88 , 54 , 65 , 87 , 23 , 90 , 55 , 3 , 98 , 45 , 3 , 12 , 21 , 19 , 96 , 4 , 22 , 44 , 77 , 18 , 96 , 85 , 37 , 59 , 51 , 57 , 31 , 30 , 26 , 16 , 65 , 48 , 53 , 36 , 95 , 72 , 95 , 59 , 91 , 52 , 29 , 50 , 78 , 88 , 35 , 56 , 13 , 33 , 26 , 36 , 76 , 83 , 74 , 90 , 94 , 12 , 39 , 53 , 20 , 40 , 19 , 74 , 82 , 82 , 29 , 72 , 59 , 96 , 37 , 24 , 83 , 94
20: 49 , 99 , 31 , 26 , 55 , 2 , 68 , 11 , 24 , 92 , 74 , 88 , 88 , 35 , 64 , 1 , 44 , 8 , 17 , 9 , 58 , 1 , 23 , 17 , 95 , 70 , 59 , 4 , 19 , 75 , 79 , 22 , 99 , 90 , 61 , 65 , 47 , 4 , 85 , 85 , 54 , 16 , 69 , 26 , 63 , 65 , 99 , 19 , 23 , 41 , 69 , 95 , 42 , 51 , 14 , 78 , 54 , 84 , 72 , 21 , 81 , 4 , 92 , 18 , 70 , 36 , 86 , 16 , 72 , 15 , 45 , 97 , 75 , 36 , 16 , 61 , 79 , 46 , 18 , 10 , 55 , 47 , 61 , 55 , 52 , 17 , 56 , 77 , 48 , 13 , 8 , 95 , 37 , 29 , 51 , 51 , 23 , 8 , 54 , 94 , 69 , 34 , 6
21: 0 , 99 , 24 , 22 , 66 , 60 , 84 , 6 , 66 , 20 , 37 , 36 , 27 , 23 , 98 , 9 , 85 , 88 , 92 , 83 , 79 , 95 , 31 , 24 , 36 , 68 , 39 , 48 , 92 , 33 , 70 , 27 , 93 , 73 , 53 , 44 , 92 , 11 , 45 , 24 , 1 , 83 , 23 , 24 , 24 , 10 , 49 , 37 , 51 , 53 , 77 , 2 , 54 , 41 , 10 , 12 , 68 , 49 , 8 , 63 , 90 , 48 , 37 , 63 , 21 , 77 , 76 , 18 , 6 , 10 , 77 , 13 , 90 , 15 , 19 , 47 , 53 , 68 , 78 , 20 , 38 , 23 , 90 , 19 , 45 , 17 , 18
22: 17 , 73 , 55 , 61 , 14 , 53 , 15 , 87 , 9 , 15 , 8 , 27 , 34 , 26 , 13 , 11 , 80 , 52 , 2 , 71 , 30 , 76 , 81 , 94 , 58 , 86 , 47 , 53 , 26 , 87 , 28 , 9 , 67 , 5 , 88 , 62 , 5 , 70 , 9 , 22 , 81 , 63 , 1 , 23 , 35 , 70 , 15 , 89 , 29 , 80 , 98 , 7 , 69 , 37 , 51 , 73 , 47 , 2 , 75 , 63 , 66 , 38 , 23 , 64 , 26 , 69 , 2 , 23 , 65 , 45 , 19 , 97 , 27 , 43 , 56 , 87 , 38 , 99 , 66 , 86 , 63 , 54 , 92 , 53 , 19 , 36 , 53 , 10 , 13 , 76 , 95 , 79 , 78 , 39 , 90 , 64 , 1 , 32 , 20 , 29 , 16 , 43 , 69 , 33 , 92 , 84 , 85 , 36 , 93
23: 35 , 40 , 36 , 8 , 91 , 31 , 54 , 23 , 28 , 59 , 50 , 91 , 14 , 23 , 47 , 39 , 33 , 55 , 79 , 78 , 61 , 0 , 11 , 65 , 82 , 61 , 14 , 22 , 23 , 78 , 24 , 96 , 7 , 61 , 72 , 76 , 86 , 46 , 46 , 60 , 56 , 3 , 9 , 35 , 28 , 6 , 51 , 97 , 46 , 72 , 18 , 53 , 84 , 32 , 60 , 67 , 48 , 10 , 52 , 31 , 51 , 86 , 39 , 89 , 9 , 91 , 21 , 40 , 95 , 97 , 24 , 49 , 93 , 71 , 42 , 28 , 2 , 94 , 10 , 12 , 16 , 15 , 90 , 35 , 11 , 80 , 65 , 62 , 17 , 62 , 25 , 24 , 84 , 5 , 17 , 64 , 53 , 16 , 85
24: 24 , 96 , 72 , 97 , 87 , 70 , 10 , 19 , 68 , 49 , 99 , 4 , 28 , 1 , 44 , 20 , 90 , 97 , 69 , 3 , 86 , 53 , 27 , 46 , 44 , 64 , 82 , 82 , 97 , 92 , 70 , 42 , 32 , 78 , 4 , 59 , 90 , 3 , 20 , 7 , 98 , 77 , 68 , 84 , 16 , 49 , 17 , 14 , 56 , 86 , 75 , 2 , 28 , 95 , 68 , 52 , 50 , 83 , 48 , 94 , 18 , 73 , 26 , 0 , 3 , 11 , 36 , 19 , 81 , 62 , 43 , 9 , 37 , 70 , 72 , 13 , 73 , 19 , 56 , 39 , 57 , 97 , 37 , 20 , 82 , 96 , 75 , 9 , 84 , 66 , 21 , 26 , 99 , 67 , 89 , 40 , 41 , 48
25: 49 , 62 , 23 , 96 , 29 , 69 , 41 , 63 , 2 , 56 , 68 , 20 , 99 , 44 , 15 , 0 , 83 , 10 , 69 , 54 , 20 , 31 , 46 , 77 , 88 , 61 , 51 , 56 , 4 , 95 , 86 , 3 , 19 , 90 , 25 , 48 , 75 , 85 , 4 , 46 , 46 , 41 , 63 , 13 , 83 , 31 , 42 , 46 , 33 , 68 , 74 , 32 , 26 , 71 , 71 , 45 , 60 , 78 , 4 , 88 , 21 , 76 , 63 , 37 , 55 , 72 , 50 , 27 , 81 , 33 , 7 , 19 , 23 , 68 , 0 , 72 , 96 , 53 , 22 , 73 , 98 , 62 , 6 , 61 , 15 , 41 , 93 , 51 , 57 , 20 , 59 , 45 , 52 , 68 , 85 , 19 , 67 , 19 , 2 , 86 , 32 , 45 , 54 , 71 , 71 , 13 , 64 , 86 , 14 , 6 , 91 , 72 , 91 , 93 , 87 , 70 , 87 , 29 , 15 , 13
26: 70 , 79 , 87 , 20 , 76 , 18 , 85 , 59 , 25 , 95 , 8 , 88 , 54 , 25 , 99 , 95 , 43 , 39 , 66 , 47 , 80 , 53 , 60 , 60 , 3 , 18 , 27 , 18 , 53 , 77 , 7 , 32 , 50 , 13 , 75 , 42 , 99 , 21 , 28 , 20 , 87 , 99 , 18 , 4 , 11 , 4 , 51 , 83 , 12 , 27 , 80 , 48 , 81 , 87 , 82 , 2 , 87 , 23 , 13 , 84 , 0 , 67 , 79 , 22 , 89 , 43 , 65 , 35 , 63 , 8 , 1 , 85 , 40 , 29 , 66 , 67 , 2 , 58 , 44 , 12 , 65 , 4 , 23 , 49 , 16 , 4 , 90 , 66 , 42 , 21 , 52 , 68 , 80
27: 69 , 7 , 33 , 7 , 38 , 54 , 41 , 10 , 33 , 28 , 6 , 57 , 32 , 79 , 34 , 64 , 93 , 15 , 1 , 4 , 97 , 74 , 65 , 15 , 61 , 51 , 76 , 78 , 31 , 99 , 70 , 75 , 49 , 14 , 98 , 19 , 67 , 53 , 81 , 70 , 40 , 48 , 76 , 35 , 17 , 4 , 33 , 9 , 37 , 97 , 69 , 25 , 70 , 1 , 81 , 4 , 83 , 80 , 18 , 63 , 80 , 12 , 69 , 12 , 35 , 79 , 23 , 17 , 95 , 88 , 67 , 99 , 96 , 45 , 99 , 32 , 37 , 74 , 8 , 24 , 16 , 13 , 33 , 7 , 99 , 13 , 55 , 65 , 22 , 30 , 36 , 84 , 93 , 63 , 92 , 2 , 22 , 85 , 22 , 16 , 29 , 15 , 32 , 89 , 24 , 53 , 10 , 80
28: 37 , 84 , 74 , 51 , 24 , 67 , 93 , 13 , 41 , 4 , 45 , 64 , 8 , 10 , 88 , 2 , 12 , 77 , 51 , 49 , 22 , 52 , 15 , 15 , 75 , 38 , 91 , 98 , 37 , 29 , 35 , 84 , 72 , 8 , 90 , 19 , 35 , 65 , 98 , 72 , 70 , 17 , 56 , 11 , 94 , 23 , 11 , 49 , 97 , 83 , 56 , 70 , 83 , 14 , 28 , 83 , 21 , 52 , 63 , 73 , 52 , 91 , 39 , 78 , 33 , 18 , 88 , 31 , 56 , 44 , 41 , 60 , 5 , 62 , 92 , 66 , 26 , 75 , 43 , 39 , 75 , 4 , 17 , 32 , 28 , 44 , 58 , 0 , 85 , 93 , 19 , 84 , 50
29: 21 , 37 , 27 , 80 , 71 , 76 , 14 , 86 , 62 , 18 , 50 , 35 , 98 , 99 , 32 , 16 , 95 , 12 , 97 , 80 , 61 , 32 , 74 , 77 , 57 , 46 , 5 , 11 , 27 , 31 , 85 , 53 , 45 , 35 , 64 , 31 , 91 , 18 , 26 , 7 , 57 , 30 , 80 , 27 , 13 , 15 , 35 , 51 , 61 , 48 , 55 , 53 , 81 , 9 , 92 , 13 , 51 , 77 , 77 , 83 , 56 , 31 , 28 , 57 , 48 , 29 , 60 , 3 , 96 , 47 , 29 , 39 , 9 , 98 , 74 , 55 , 1 , 94 , 63 , 39 , 62 , 50 , 68 , 36 , 50 , 17 , 95 , 56 , 86 , 26 , 91 , 75 , 55 , 62 , 92 , 53 , 71 , 3 , 49 , 18 , 59 , 69
30: 54 , 41 , 12 , 56 , 5 , 46 , 6 , 75 , 94 , 5 , 90 , 47 , 54 , 9 , 4 , 84 , 2 , 49 , 63 , 95 , 51 , 63 , 75 , 3 , 6 , 33 , 18 , 50 , 12 , 32 , 85 , 85 , 20 , 63 , 24 , 11 , 89 , 12 , 92 , 38 , 61 , 34 , 63 , 22 , 17 , 46 , 40 , 84 , 29 , 21 , 62 , 22 , 77 , 90 , 57 , 51 , 93 , 98 , 52 , 65 , 0 , 70 , 67 , 15 , 71 , 65 , 46 , 8 , 20 , 47 , 39 , 51 , 6 , 28 , 26 , 17 , 61 , 8 , 48 , 63 , 36 , 64 , 74 , 73 , 3 , 57 , 74 , 80 , 25 , 4 , 50 , 6 , 69 , 75 , 12
31: 83 , 89 , 82 , 86 , 11 , 4 , 67 , 54 , 16 , 68 , 88 , 57 , 69 , 61 , 5 , 3 , 33 , 53 , 83 , 20 , 43 , 46 , 7 , 73 , 28 , 47 , 93 , 26 , 79 , 93 , 36 , 78 , 57 , 93 , 72 , 31 , 68 , 13 , 1 , 38 , 48 , 46 , 12 , 20 , 39 , 56 , 58 , 23 , 50 , 42 , 57 , 69 , 88 , 99 , 47 , 40 , 46 , 71 , 11 , 79 , 12 , 72 , 21 , 16 , 99 , 33 , 38 , 25 , 15 , 46 , 65 , 37 , 19 , 75 , 13 , 22 , 10 , 67 , 22 , 38 , 27 , 13 , 93 , 26 , 58 , 96 , 30 , 8 , 60 , 41 , 20 , 36 , 56 , 12 , 70 , 10 , 19 , 57 , 91 , 34 , 56
32: 87 , 61 , 39 , 66 , 95 , 46 , 41 , 35 , 65 , 2 , 29 , 14 , 34 , 50 , 74 , 85 , 8 , 78 , 17 , 3 , 54 , 0 , 20 , 92 , 79 , 29 , 71 , 81 , 32 , 37 , 19 , 8 , 91 , 67 , 0 , 36 , 93 , 47 , 81 , 57 , 33 , 6 , 91 , 22 , 44 , 58 , 38 , 78 , 95 , 44 , 26 , 73 , 68 , 24 , 26 , 78 , 3 , 96 , 67 , 70 , 8 , 82 , 57 , 83 , 50 , 8 , 82 , 53 , 27 , 22 , 11 , 83 , 70 , 1 , 5 , 0 , 40 , 57 , 21 , 26 , 85 , 52 , 60 , 65 , 67 , 24 , 62 , 43 , 17 , 92 , 55 , 76 , 63 , 5 , 95 , 60 , 1 , 47
33: 49 , 33 , 65 , 16 , 14 , 22 , 4 , 50 , 52 , 89 , 8 , 74 , 37 , 55 , 92 , 41 , 66 , 61 , 68 , 60 , 0 , 57 , 97 , 73 , 78 , 64 , 39 , 11 , 84 , 59 , 8 , 34 , 12 , 37 , 43 , 50 , 40 , 79 , 71 , 3 , 87 , 98 , 38 , 10 , 87 , 88 , 6 , 30 , 84 , 36 , 46 , 43 , 90 , 8 , 99 , 16 , 91 , 97 , 30 , 60 , 93 , 9 , 23 , 88 , 26 , 82 , 72 , 60 , 26 , 57 , 24 , 11 , 90 , 14 , 36 , 2 , 86 , 73 , 8 , 89 , 21 , 15 , 68 , 21 , 83 , 17 , 94 , 83 , 43 , 9 , 61 , 65 , 73 , 14 , 21 , 28 , 89 , 70 , 2 , 9 , 87 , 65 , 3 , 35 , 62 , 6 , 78
34: 41 , 13 , 80 , 73 , 45 , 1 , 44 , 6 , 81 , 70 , 77 , 80 , 39 , 32 , 3 , 88 , 51 , 57 , 58 , 17 , 73 , 63 , 3 , 77 , 50 , 23 , 34 , 72 , 34 , 5 , 26 , 34 , 72 , 73 , 24 , 64 , 33 , 41 , 25 , 18 , 32 , 8 , 46 , 52 , 2 , 19 , 85 , 44 , 93 , 5 , 98 , 24 , 55 , 16 , 3 , 9 , 80 , 94 , 94 , 90 , 70 , 79 , 41 , 17 , 93 , 27 , 34 , 4 , 98 , 31 , 12 , 70 , 87 , 89 , 24 , 9 , 34 , 92 , 31 , 71 , 82 , 50 , 40 , 35 , 1 , 20 , 53 , 49 , 56 , 85 , 77 , 73 , 64 , 51 , 42 , 86 , 95 , 58 , 29 , 77 , 83 , 52 , 58 , 12
35: 33 , 65 , 29 , 66 , 61 , 75 , 90 , 20 , 4 , 57 , 51 , 76 , 71 , 45 , 37 , 57 , 11 , 19 , 21 , 36 , 6 , 82 , 33 , 67 , 43 , 61 , 25 , 70 , 74 , 82 , 52 , 28 , 67 , 0 , 15 , 32 , 10 , 50 , 57 , 97 , 68 , 44 , 86 , 65 , 22 , 78 , 69 , 11 , 65 , 86 , 13 , 98 , 54 , 51 , 75 , 97 , 13 , 94 , 8 , 35 , 38 , 8 , 95 , 48 , 6 , 59 , 3 , 91 , 28 , 69 , 92 , 19 , 24 , 42 , 37 , 25 , 74 , 23 , 16 , 60 , 24 , 53 , 35 , 12 , 67 , 42 , 61 , 82 , 73 , 33 , 12 , 91
36: 74 , 98 , 76 , 86 , 13 , 21 , 71 , 23 , 32 , 90 , 0 , 82 , 34 , 84 , 8 , 42 , 8 , 91 , 92 , 3 , 87 , 82 , 63 , 33 , 90 , 45 , 46 , 64 , 83 , 63 , 49 , 68 , 91 , 50 , 54 , 73 , 20 , 32 , 45 , 43 , 97 , 32 , 24 , 97 , 66 , 41 , 29 , 26 , 51 , 55 , 21 , 6 , 78 , 76 , 96 , 4 , 42 , 20 , 99 , 37 , 89 , 56 , 9 , 79 , 56 , 90 , 2 , 66 , 32 , 14 , 29 , 60 , 11 , 74 , 60 , 22 , 48 , 25 , 80 , 91 , 12 , 94 , 23 , 35 , 86 , 31 , 29 , 39 , 61 , 3 , 64 , 3 , 16 , 46 , 63 , 28 , 68 , 81 , 19 , 43 , 38
37: 17 , 12 , 23 , 30 , 13 , 12 , 4 , 0 , 0 , 83 , 43 , 57 , 92 , 21 , 75 , 27 , 26 , 47 , 39 , 92 , 24 , 51 , 58 , 38 , 65 , 95 , 63 , 9 , 48 , 65 , 77 , 76 , 1 , 57 , 40 , 56 , 3 , 70 , 36 , 22 , 84 , 2 , 91 , 95 , 71 , 40 , 7 , 86 , 32 , 28 , 3 , 63 , 34 , 37 , 72 , 84 , 69 , 73 , 49 , 77 , 13 , 87 , 98 , 97 , 47 , 75 , 54 , 0 , 21 , 92 , 41 , 62 , 20 , 21 , 88 , 53 , 66 , 35 , 70 , 63 , 53 , 1 , 3 , 57 , 24 , 32 , 9 , 37
38: 43 , 86 , 61 , 57 , 3 , 5 , 78 , 93 , 9 , 88 , 45 , 32 , 97 , 58 , 28 , 14 , 20 , 63 , 90 , 53 , 75 , 84 , 57 , 34 , 44 , 9 , 22 , 47 , 29 , 92 , 20 , 53 , 3 , 1 , 90 , 92 , 62 , 97 , 44 , 1 , 0 , 44 , 25 , 86 , 58 , 77 , 54 , 18 , 43 , 67 , 73 , 91 , 49 , 49 , 13 , 93 , 25 , 32 , 54 , 11 , 92 , 4 , 88 , 45 , 77 , 61 , 67 , 90 , 71 , 64 , 36 , 60 , 89 , 84 , 60 , 3 , 67 , 31 , 61 , 83 , 46 , 65 , 12 , 74 , 60 , 57 , 98 , 15 , 80 , 49 , 5 , 62 , 39 , 75 , 93 , 49 , 18 , 22 , 53 , 28 , 95 , 73 , 77 , 58 , 13 , 62 , 76 , 13 , 71 , 57 , 9 , 21 , 66 , 85 , 90 , 47 , 74
39: 32 , 52 , 36 , 37 , 7 , 63 , 64 , 76 , 72 , 55 , 10 , 72 , 79 , 13 , 36 , 97 , 30 , 3 , 19 , 85 , 60 , 77 , 29 , 96 , 21 , 59 , 10 , 2 , 28 , 69 , 31 , 63 , 57 , 1 , 54 , 59 , 52 , 60 , 84 , 45 , 39 , 74 , 82 , 53 , 67 , 52 , 51 , 80 , 97 , 43 , 25 , 74 , 13 , 95 , 85 , 72 , 56 , 47 , 29 , 3 , 31 , 59 , 34 , 74 , 85 , 72 , 95 , 23 , 4 , 31 , 22 , 22 , 63 , 1 , 93 , 5 , 39 , 33 , 9 , 89 , 24 , 40 , 24 , 11 , 60 , 37 , 99 , 60 , 53 , 4 , 86 , 57 , 0 , 76 , 14 , 30 , 34 , 6 , 51 , 81 , 69 , 27 , 86 , 78 , 42 , 85 , 8
40: 28 , 30 , 61 , 97 , 49 , 40 , 56 , 33 , 45 , 12 , 47 , 41 , 50 , 70 , 38 , 37 , 81 , 58 , 80 , 46 , 84 , 56 , 96 , 57 , 41 , 11 , 87 , 27 , 87 , 51 , 12 , 92 , 64 , 45 , 65 , 17 , 34 , 56 , 49 , 30 , 34 , 93 , 14 , 79 , 20 , 19 , 91 , 73 , 74 , 71 , 5 , 39 , 45 , 76 , 5 , 73 , 82 , 89 , 15 , 10 , 55 , 60 , 38 , 36 , 37 , 9 , 24 , 56 , 66 , 91 , 61 , 30 , 33 , 6 , 32 , 39 , 8 , 5 , 61 , 46 , 87 , 20 , 35 , 67 , 37 , 78 , 13 , 86 , 55 , 39 , 35 , 84 , 60 , 32 , 82 , 8 , 13 , 57 , 36 , 63 , 19 , 42 , 12 , 40 , 31 , 85 , 6 , 92 , 44 , 53 , 15 , 31 , 50 , 46
41: 43 , 14 , 88 , 85 , 65 , 45 , 36 , 6 , 26 , 18 , 40 , 45 , 72 , 13 , 47 , 13 , 34 , 92 , 92 , 11 , 59 , 34 , 46 , 76 , 13 , 97 , 79 , 26 , 98 , 85 , 46 , 63 , 32 , 54 , 48 , 68 , 7 , 64 , 27 , 14 , 7 , 16 , 41 , 91 , 8 , 31 , 18 , 83 , 43 , 44 , 41 , 97 , 80 , 85 , 6 , 90 , 55 , 63 , 9 , 4 , 30 , 88 , 48 , 97 , 46 , 57 , 4 , 78 , 35 , 34 , 49 , 30 , 67 , 83 , 22 , 89 , 82 , 99 , 25 , 17 , 68 , 60 , 71 , 19 , 35 , 29 , 0
42: 72 , 97 , 60 , 29 , 8 , 26 , 34 , 40 , 60 , 72 , 32 , 16 , 46 , 22 , 34 , 65 , 73 , 4 , 67 , 72 , 29 , 17 , 1 , 84 , 14 , 68 , 41 , 48 , 57 , 57 , 6 , 28 , 57 , 67 , 51 , 67 , 50 , 46 , 5 , 6 , 75 , 8 , 10 , 30 , 95 , 7 , 4 , 1 , 49 , 86 , 92 , 21 , 19 , 73 , 38 , 67 , 82 , 76 , 31 , 42 , 39 , 68 , 89 , 52 , 33 , 76 , 82 , 35 , 16 , 34 , 51 , 24 , 56 , 64 , 85 , 72 , 19 , 84 , 30 , 69 , 98 , 83 , 93
43: 6 , 55 , 3 , 11 , 42 , 90 , 15 , 19 , 87 , 38 , 6 , 84 , 48 , 12 , 85 , 72 , 40 , 51 , 43 , 98 , 40 , 1 , 97 , 97 , 17 , 82 , 34 , 47 , 81 , 64 , 55 , 78 , 33 , 54 , 36 , 82 , 16 , 3 , 23 , 20 , 98 , 32 , 10 , 66 , 47 , 20 , 74 , 51 , 96 , 95 , 95 , 32 , 63 , 3 , 61 , 85 , 18 , 56 , 94 , 30 , 7 , 79 , 91 , 98 , 34 , 75 , 22 , 22 , 45 , 9 , 37 , 1 , 55 , 60 , 95 , 10 , 18 , 59 , 19 , 64 , 63 , 43 , 17 , 47 , 15 , 82 , 67 , 35 , 73 , 17 , 99 , 76 , 96 , 50 , 3 , 18 , 36 , 23 , 66 , 13 , 97 , 97 , 52 , 25 , 31
44: 90 , 7 , 30 , 95 , 25 , 4 , 62 , 9 , 57 , 23 , 69 , 28 , 17 , 4 , 32 , 64 , 89 , 12 , 1 , 77 , 61 , 36 , 74 , 76 , 18 , 23 , 72 , 73 , 92 , 59 , 24 , 74 , 22 , 38 , 41 , 39 , 35 , 82 , 26 , 31 , 62 , 95 , 61 , 3 , 89 , 22 , 44 , 14 , 86 , 8 , 5 , 72 , 44 , 25 , 38 , 31 , 46 , 61 , 32 , 14 , 92 , 64 , 55 , 60 , 57 , 65 , 67 , 14 , 4 , 41 , 83 , 18 , 83 , 0 , 46 , 43 , 19 , 75 , 70 , 72 , 64 , 98 , 8 , 45 , 44 , 14 , 36 , 75 , 31 , 45 , 82 , 24 , 5 , 73 , 78 , 66 , 4 , 0 , 48 , 25 , 6 , 93 , 14 , 9 , 19 , 45 , 98 , 81 , 52 , 39 , 46 , 17 , 13
45: 60 , 87 , 11 , 58 , 15 , 25 , 24 , 13 , 56 , 94 , 93 , 83 , 93 , 83 , 53 , 19 , 85 , 13 , 18 , 73 , 12 , 20 , 14 , 2 , 32 , 46 , 38 , 81 , 90 , 14 , 84 , 11 , 59 , 9 , 17 , 89 , 74 , 53 , 47 , 58 , 90 , 48 , 5 , 45 , 79 , 17 , 18 , 80 , 75 , 61 , 44 , 37 , 1 , 84 , 25 , 81 , 86 , 24 , 94 , 8 , 91 , 2 , 90 , 61 , 63 , 53 , 28 , 17 , 1 , 28 , 68 , 66 , 39 , 16 , 61 , 99 , 83 , 26 , 33 , 24 , 45 , 19 , 65 , 96 , 93 , 18 , 25 , 53 , 43 , 19 , 35 , 28 , 45 , 64 , 34 , 68 , 70 , 56 , 15 , 76 , 73 , 94 , 9 , 48 , 92 , 56 , 98 , 44 , 56 , 14
46: 29 , 26 , 11 , 48 , 91 , 78 , 6 , 90 , 18 , 63 , 76 , 47 , 26 , 99 , 22 , 73 , 44 , 3 , 39 , 46 , 45 , 57 , 29 , 25 , 87 , 73 , 27 , 55 , 86 , 44 , 47 , 10 , 48 , 95 , 10 , 96 , 48 , 39 , 73 , 90 , 67 , 42 , 83 , 25 , 1 , 13 , 24 , 42 , 72 , 0 , 90 , 66 , 4 , 51 , 21 , 42 , 7 , 8 , 86 , 91 , 96 , 44 , 52 , 90 , 71 , 92 , 47 , 33 , 14 , 80 , 59 , 98
47: 4 , 91 , 5 , 53 , 68 , 45 , 56 , 60 , 66 , 85 , 13 , 76 , 19 , 60 , 9 , 82 , 97 , 55 , 57 , 99 , 93 , 50 , 50 , 27 , 14 , 74 , 47 , 57 , 32 , 54 , 82 , 62 , 87 , 89 , 72 , 86 , 0 , 53 , 1 , 21 , 60 , 38 , 99 , 99 , 29 , 0 , 94 , 8 , 55 , 59 , 7 , 55 , 10 , 41 , 16 , 5 , 8 , 15 , 7 , 64 , 38 , 99 , 56 , 49 , 51 , 41 , 66 , 38 , 24 , 36 , 89 , 24 , 96 , 52 , 22 , 34 , 72 , 90 , 93 , 29 , 27 , 85 , 7 , 36 , 37 , 3 , 82 , 2 , 47 , 93 , 8 , 88 , 83 , 72 , 97 , 47 , 0 , 88 , 48 , 72 , 23 , 85 , 48 , 49 , 6 , 1 , 66 , 25 , 70
48: 90 , 39 , 0 , 46 , 31 , 13 , 44 , 81 , 60 , 32 , 20 , 73 , 5 , 54 , 10 , 17 , 23 , 20 , 72 , 98 , 84 , 46 , 25 , 62 , 39 , 60 , 71 , 67 , 58 , 77 , 6 , 85 , 77 , 73 , 59 , 63 , 94 , 88 , 59 , 52 , 89 , 44 , 68 , 63 , 73 , 84 , 86 , 35 , 78 , 11 , 81 , 45 , 12 , 43 , 60 , 37 , 80 , 39 , 57 , 6 , 25 , 24 , 80 , 95 , 37 , 88 , 2 , 79 , 42 , 10 , 58 , 74 , 45 , 52 , 3 , 6 , 70 , 5 , 75 , 65 , 35 , 69 , 35 , 62 , 20 , 92 , 58
49: 53 , 60 , 61 , 12 , 63 , 87 , 71 , 6 , 38 , 65 , 44 , 70 , 54 , 15 , 11 , 91 , 50 , 2 , 86 , 10 , 97 , 24 , 46 , 40 , 43 , 83 , 86 , 9 , 88 , 99 , 70 , 79 , 81 , 1 , 60 , 78 , 99 , 35 , 22 , 36 , 6 , 87 , 30 , 4 , 93 , 51 , 97 , 18 , 17 , 25 , 14 , 78 , 69 , 21 , 33 , 76 , 1 , 2 , 27 , 75 , 65 , 26 , 36 , 93 , 17 , 86 , 49 , 16 , 23 , 23 , 78 , 50 , 47 , 65 , 20 , 89 , 92 , 80 , 83 , 40 , 69 , 76 , 10 , 54 , 89 , 21 , 51 , 18
50: 73 , 29 , 76 , 25 , 77 , 31 , 51 , 80 , 11 , 21 , 63 , 49 , 58 , 65 , 6 , 51 , 67 , 2 , 47 , 32 , 6 , 47 , 99 , 59 , 95 , 10 , 78 , 20 , 38 , 55 , 46 , 58 , 16 , 72 , 63 , 7 , 37 , 32 , 73 , 5 , 54 , 82 , 77 , 63 , 58 , 8 , 60 , 42 , 24 , 51 , 93 , 92 , 96 , 65 , 12 , 24 , 89 , 24 , 89 , 39 , 61 , 80 , 61 , 65 , 68 , 49 , 65 , 54 , 90 , 64 , 92 , 31 , 15 , 78 , 34 , 63 , 11 , 24 , 83 , 74 , 83 , 17 , 20 , 10 , 40 , 18 , 91 , 76 , 21 , 41 , 5 , 54
51: 56 , 90 , 20 , 24 , 55 , 11 , 47 , 1 , 40 , 42 , 11 , 91 , 46 , 72 , 54 , 20 , 40 , 74 , 46 , 47 , 57 , 50 , 49 , 79 , 6 , 85 , 90 , 40 , 37 , 65 , 18 , 17 , 7 , 58 , 65 , 97 , 30 , 18 , 17 , 77 , 39 , 55 , 0 , 7 , 48 , 39 , 50 , 61 , 76 , 36 , 35 , 54 , 96 , 26 , 20 , 69 , 32 , 23 , 83 , 59 , 38 , 92 , 2 , 92 , 93 , 54 , 75 , 38 , 21 , 25 , 61 , 86 , 18 , 49 , 41 , 0 , 88 , 77 , 85 , 26 , 41 , 64 , 85 , 24 , 95 , 77 , 51 , 40 , 41 , 74
52: 96 , 12 , 34 , 21 , 94 , 96 , 82 , 88 , 68 , 75 , 40 , 80 , 93 , 34 , 35 , 11 , 20 , 60 , 70 , 13 , 18 , 20 , 36 , 92 , 64 , 88 , 72 , 39 , 47 , 36 , 43 , 36 , 75 , 15 , 61 , 18 , 97 , 44 , 63 , 9 , 4 , 48 , 68 , 68 , 39 , 75 , 87 , 23 , 22 , 82 , 3 , 42 , 71 , 26 , 13 , 59 , 57 , 40 , 90 , 9 , 50 , 57 , 62 , 62 , 55 , 17 , 74 , 13 , 99 , 86 , 93 , 25 , 54 , 49 , 26 , 66 , 93 , 14 , 21 , 36 , 58 , 60 , 45 , 40 , 14 , 38 , 32 , 26 , 65 , 86 , 61 , 8 , 98 , 31 , 94 , 82 , 21
53: 77 , 88 , 49 , 94 , 84 , 13 , 49 , 25 , 27 , 0 , 66 , 24 , 74 , 35 , 30 , 9 , 40 , 55 , 52 , 29 , 2 , 43 , 74 , 80 , 81 , 2 , 80 , 31 , 66 , 67 , 41 , 15 , 95 , 43 , 47 , 64 , 46 , 96 , 12 , 72 , 98 , 50 , 18 , 13 , 46 , 58 , 18 , 54 , 5 , 69 , 69 , 79 , 54 , 33 , 48 , 49 , 74 , 63 , 94 , 23 , 14 , 37 , 58 , 64 , 38 , 98 , 17 , 1 , 79 , 41 , 59 , 59 , 77 , 82 , 83 , 34 , 85 , 52 , 13 , 15 , 78 , 88 , 85 , 18 , 81 , 84 , 85 , 87 , 31 , 5 , 64 , 46 , 75 , 27 , 14 , 94 , 95 , 37 , 32 , 2 , 16 , 88 , 65 , 67 , 12 , 64 , 66 , 86 , 6 , 54
54: 22 , 3 , 10 , 55 , 17 , 67 , 66 , 18 , 62 , 49 , 8 , 73 , 75 , 72 , 23 , 24 , 95 , 93 , 48 , 21 , 82 , 75 , 46 , 5 , 60 , 46 , 0 , 81 , 79 , 64 , 12 , 95 , 75 , 80 , 99 , 42 , 23 , 88 , 18 , 7 , 4 , 51 , 90 , 87 , 53 , 9 , 10 , 92 , 74 , 79 , 53 , 76 , 71 , 21 , 98 , 93 , 0 , 23 , 10 , 21 , 99 , 97 , 76 , 32 , 51 , 47 , 86 , 19 , 57 , 12 , 55 , 96 , 61 , 40 , 32 , 78 , 88 , 86 , 87 , 57 , 30 , 0 , 23 , 52 , 8 , 87 , 86 , 45 , 73 , 43 , 27 , 72
55: 6 , 9 , 4 , 62 , 24 , 66 , 0 , 6 , 61 , 71 , 32 , 60 , 99 , 87 , 66 , 45 , 17 , 38 , 94 , 62 , 94 , 24 , 13 , 10 , 21 , 6 , 54 , 51 , 43 , 17 , 19 , 47 , 47 , 64 , 86 , 3 , 61 , 1 , 66 , 34 , 43 , 91 , 28 , 72 , 22 , 42 , 52 , 98 , 15 , 96 , 77 , 30 , 78 , 34 , 80 , 2 , 12 , 17 , 42 , 51 , 48 , 92 , 3 , 16 , 74 , 96 , 72 , 2 , 65 , 11 , 9 , 79 , 0 , 75 , 63 , 52 , 1 , 96 , 24 , 72 , 68 , 3 , 28 , 56 , 74 , 69 , 7 , 93 , 55 , 79 , 69 , 73 , 48 , 48
56: 33 , 64 , 42 , 11 , 11 , 62 , 86 , 23 , 32 , 47 , 26 , 79 , 56 , 71 , 81 , 92 , 6 , 17 , 73 , 5 , 1 , 76 , 54 , 59 , 11 , 28 , 44 , 63 , 32 , 77 , 19 , 3 , 23 , 95 , 21 , 72 , 63 , 38 , 35 , 55 , 8 , 15 , 14 , 94 , 35 , 6 , 41 , 20 , 65 , 70 , 61 , 49 , 18 , 48 , 74 , 63 , 93 , 34 , 40 , 81 , 61 , 62 , 15 , 99 , 49 , 11 , 12 , 50 , 87 , 92 , 57 , 21 , 14 , 18 , 91 , 4 , 49 , 66 , 68 , 30 , 18 , 3 , 63 , 92 , 23 , 56 , 22
57: 30 , 34 , 67 , 9 , 50 , 95 , 22 , 5 , 46 , 7 , 58 , 53 , 93 , 53 , 24 , 43 , 57 , 58 , 33 , 80 , 54 , 48 , 66 , 28 , 15 , 32 , 58 , 65 , 46 , 87 , 66 , 61 , 73 , 11 , 43 , 42 , 73 , 32 , 88 , 37 , 31 , 15 , 91 , 60 , 91 , 98 , 48 , 68 , 92 , 97 , 67 , 21 , 72 , 79 , 41 , 83 , 98 , 32 , 74 , 48 , 7 , 62 , 70 , 50 , 50 , 74 , 13 , 52 , 22 , 93 , 66 , 25 , 77 , 7 , 56 , 75 , 4 , 21 , 1 , 53 , 57 , 69 , 48 , 23 , 86 , 70 , 60 , 97 , 57 , 93 , 68
58: 53 , 64 , 36 , 60 , 85 , 6 , 82 , 37 , 49 , 22 , 56 , 17 , 41 , 45 , 66 , 14 , 12 , 35 , 66 , 40 , 17 , 39 , 21 , 34 , 80 , 98 , 89 , 11 , 48 , 89 , 35 , 52 , 24 , 75 , 27 , 67 , 95 , 8 , 39 , 25 , 80 , 29 , 65 , 19 , 17 , 35 , 31 , 29 , 90 , 12 , 73 , 47 , 72 , 91 , 80 , 4 , 89 , 35 , 63 , 14 , 34 , 39 , 32 , 96 , 86 , 90 , 77 , 15 , 80 , 68 , 70 , 3 , 73 , 67 , 74 , 29 , 75 , 51 , 58 , 10 , 27 , 29 , 30 , 62 , 50 , 54 , 49 , 53 , 87 , 63 , 42 , 95 , 88 , 55 , 50 , 93 , 47 , 2 , 98 , 13 , 5 , 65 , 68 , 45 , 48 , 36 , 64 , 64 , 52 , 74 , 87 , 43 , 68 , 4 , 45 , 86 , 47 , 17 , 11 , 36
59: 26 , 48 , 3 , 37 , 14 , 78 , 4 , 6 , 36 , 93 , 95 , 81 , 64 , 70 , 74 , 15 , 30 , 20 , 11 , 2 , 40 , 65 , 39 , 77 , 72 , 4 , 10 , 2 , 11 , 72 , 85 , 33 , 61 , 81 , 77 , 2 , 52 , 99 , 3 , 62 , 24 , 77 , 50 , 99 , 78 , 1 , 83 , 89 , 51 , 81 , 1 , 52 , 67 , 47 , 61 , 56 , 44 , 78 , 77 , 15 , 17 , 83 , 85 , 32 , 38 , 81 , 18 , 33 , 1 , 3 , 46 , 24 , 92 , 3 , 58 , 32 , 52 , 9 , 43 , 34 , 59 , 83 , 75 , 42 , 35 , 16 , 3 , 63 , 61 , 30 , 42 , 60 , 92 , 65 , 74 , 31 , 86 , 28 , 6 , 63 , 51 , 94 , 10 , 27 , 14 , 57
60: 93 , 21 , 41 , 74 , 85 , 32 , 49 , 65 , 75 , 50 , 25 , 45 , 45 , 24 , 27 , 84 , 55 , 12 , 68 , 42 , 77 , 56 , 84 , 76 , 16 , 69 , 97 , 86 , 81 , 68 , 32 , 15 , 5 , 3 , 91 , 56 , 98 , 62 , 66 , 3 , 13 , 23 , 80 , 53 , 49 , 91 , 64 , 19 , 63 , 77 , 46 , 10 , 83 , 49 , 49 , 72 , 35 , 75 , 96 , 30 , 33 , 38 , 26 , 3 , 18 , 44 , 84 , 96 , 4 , 30 , 33 , 12 , 45 , 73 , 73 , 73 , 89 , 82 , 65 , 53 , 82 , 80 , 95 , 77 , 41 , 62 , 77 , 29 , 31 , 94
61: 15 , 69 , 66 , 34 , 54 , 19 , 30 , 27 , 22 , 29 , 50 , 34 , 25 , 72 , 40 , 19 , 50 , 43 , 50 , 71 , 56 , 27 , 33 , 52 , 42 , 41 , 55 , 42 , 94 , 82 , 33 , 84 , 86 , 90 , 93 , 5 , 41 , 92 , 99 , 92 , 4 , 42 , 34 , 72 , 33 , 92 , 50 , 61 , 52 , 33 , 65 , 18 , 93 , 46 , 78 , 72 , 94 , 54 , 26 , 48 , 37 , 69 , 94 , 16 , 36 , 11 , 42 , 25 , 36 , 42 , 12 , 50 , 24 , 30 , 99 , 89 , 33 , 93 , 11 , 4 , 19 , 50 , 77 , 14 , 5 , 68 , 96 , 95 , 9 , 80 , 60 , 74 , 60 , 93 , 87 , 31 , 68 , 5 , 60 , 54 , 66 , 53 , 16 , 91 , 29 , 52 , 41 , 28 , 21 , 31 , 82 , 49 , 21 , 76 , 96 , 59 , 16 , 97 , 33 , 79 , 95 , 29 , 73 , 41
62: 29 , 61 , 20 , 49 , 55 , 94 , 28 , 18 , 2 , 46 , 24 , 35 , 45 , 42 , 20 , 69 , 3 , 94 , 80 , 80 , 6 , 21 , 45 , 72 , 81 , 63 , 65 , 86 , 22 , 50 , 36 , 24 , 88 , 18 , 98 , 59 , 26 , 9 , 96 , 90 , 59 , 7 , 59 , 67 , 44 , 48 , 56 , 48 , 32 , 42 , 95 , 60 , 42 , 84 , 72 , 70 , 25 , 54 , 67 , 6 , 0 , 99 , 24 , 15 , 78 , 43 , 90 , 33 , 69 , 6 , 15 , 19 , 96 , 79 , 32 , 18 , 90 , 21 , 98 , 81 , 84 , 86 , 36 , 3 , 39 , 47 , 38 , 73 , 74 , 45 , 12 , 49 , 47 , 1 , 42 , 41 , 71 , 13 , 2 , 10 , 37 , 52 , 69 , 45 , 88 , 92 , 80 , 83 , 43 , 25 , 6
63: 99 , 95 , 32 , 86 , 95 , 34 , 97 , 0 , 50 , 85 , 53 , 1 , 10 , 51 , 30 , 92 , 87 , 82 , 91 , 88 , 57 , 88 , 80 , 33 , 3 , 12 , 97 , 41 , 58 , 44 , 43 , 92 , 22 , 89 , 77 , 36 , 45 , 48 , 73 , 4 , 86 , 56 , 66 , 25 , 11 , 73 , 96 , 77 , 53 , 39 , 65 , 67 , 5 , 36 , 88 , 40 , 8 , 70 , 2 , 41 , 12 , 63 , 11 , 52 , 94 , 12 , 82 , 47 , 86 , 19 , 58 , 14 , 60 , 52 , 79 , 86 , 80 , 19 , 29 , 70 , 2 , 73 , 10 , 77 , 62 , 7 , 68 , 70 , 87 , 87 , 52 , 59 , 22 , 23 , 58
64: 48 , 77 , 73 , 19 , 20 , 30 , 28 , 31 , 64 , 25 , 58 , 81 , 97 , 81 , 77 , 51 , 66 , 57 , 22 , 81 , 72 , 77 , 18 , 50 , 89 , 88 , 48 , 84 , 23 , 11 , 38 , 62 , 81 , 78 , 31 , 10 , 3 , 62 , 96 , 71 , 30 , 67 , 12 , 2 , 21 , 57 , 70 , 19 , 31 , 51 , 54 , 27 , 95 , 48 , 90 , 0 , 13 , 17 , 33 , 37 , 18 , 57 , 82 , 46 , 42 , 90 , 77 , 28 , 63 , 64 , 31 , 33 , 3 , 40 , 57 , 28 , 48 , 34 , 10 , 9 , 6 , 80 , 68 , 32 , 81 , 72
65: 42 , 17 , 56 , 92 , 50 , 33 , 81 , 89 , 81 , 14 , 21 , 78 , 27 , 0 , 28 , 36 , 89 , 3 , 15 , 20 , 13 , 11 , 80 , 14 , 24 , 11 , 6 , 28 , 3 , 28 , 16 , 93 , 53 , 16 , 47 , 99 , 21 , 19 , 39 , 73 , 72 , 14 , 12 , 62 , 0 , 32 , 68 , 26 , 87 , 48 , 22 , 0 , 22 , 63 , 5 , 90 , 37 , 23 , 62 , 30 , 55 , 28 , 14 , 23 , 93 , 76 , 85 , 7 , 94 , 95 , 70 , 80 , 19 , 42 , 9 , 95 , 95 , 88 , 35 , 27 , 2 , 49 , 32 , 21 , 6 , 32 , 38 , 20 , 71 , 48 , 74 , 3 , 54 , 32 , 71 , 68 , 53 , 47 , 90 , 16 , 31 , 13
66: 20 , 45 , 62 , 40 , 95 , 5 , 18 , 77 , 17 , 19 , 83 , 59 , 72 , 24 , 98 , 17 , 73 , 25 , 64 , 84 , 35 , 6 , 11 , 20 , 15 , 89 , 77 , 81 , 87 , 30 , 91 , 78 , 13 , 81 , 0 , 88 , 60 , 91 , 97 , 24 , 86 , 71 , 91 , 10 , 52 , 96 , 14 , 27 , 99 , 50 , 71 , 9 , 76 , 30 , 35 , 3 , 1 , 32 , 93 , 24 , 43 , 58 , 31 , 44 , 80 , 52 , 8 , 63 , 78 , 9 , 89 , 38 , 75 , 93 , 86 , 91 , 71 , 24 , 69 , 44 , 86
67: 92 , 35 , 0 , 98 , 45 , 45 , 96 , 56 , 60 , 97 , 31 , 96 , 76 , 76 , 98 , 72 , 93 , 93 , 6 , 45 , 81 , 28 , 92 , 11 , 25 , 27 , 53 , 9 , 71 , 6 , 33 , 83 , 37 , 3 , 38 , 44 , 49 , 36 , 81 , 47 , 47 , 84 , 25 , 80 , 75 , 86 , 76 , 93 , 22 , 53 , 10 , 69 , 82 , 46 , 34 , 10 , 8 , 14 , 22 , 71 , 66 , 50 , 56 , 88 , 53 , 30 , 90 , 86 , 90 , 3 , 61 , 37 , 31 , 28 , 2 , 28 , 47 , 80 , 11 , 46 , 38 , 48 , 73 , 2 , 57 , 59 , 46 , 2 , 32 , 58 , 11 , 46 , 45 , 13 , 62 , 19 , 24 , 75 , 1 , 71 , 66 , 61 , 25 , 95 , 50
68: 75 , 11 , 51 , 7 , 43 , 97 , 64 , 99 , 41 , 30 , 72 , 98 , 33 , 60 , 56 , 67 , 26 , 90 , 8 , 76 , 98 , 68 , 33 , 28 , 75 , 9 , 46 , 51 , 98 , 43 , 24 , 25 , 73 , 59 , 49 , 17 , 44 , 51 , 33 , 85 , 78 , 38 , 21 , 96 , 71 , 21 , 75 , 48 , 31 , 24 , 48 , 26 , 21 , 91 , 52 , 5 , 20 , 83 , 51 , 46 , 51 , 92 , 34 , 83 , 87 , 43 , 99 , 16 , 92 , 45 , 42 , 32 , 63 , 92 , 64 , 57 , 52 , 13 , 2 , 11 , 33 , 69 , 39 , 57 , 23 , 4 , 30 , 18 , 63 , 12 , 43 , 27 , 23 , 95 , 64 , 27 , 87 , 93 , 62 , 67 , 9 , 35 , 59 , 30 , 35 , 22 , 32 , 1 , 16 , 67 , 83 , 42 , 29 , 47 , 65
69: 84 , 68 , 2 , 77 , 10 , 25 , 96 , 84 , 42 , 45 , 41 , 94 , 99 , 18 , 14 , 6 , 21 , 90 , 16 , 81 , 87 , 9 , 80 , 31 , 58 , 13 , 12 , 62 , 83 , 96 , 4 , 6 , 69 , 71 , 30 , 47 , 12 , 79 , 29 , 39 , 80 , 13 , 10 , 16 , 16 , 9 , 32 , 24 , 92 , 1 , 14 , 52 , 92 , 53 , 4 , 39 , 63 , 95 , 64 , 15 , 0 , 63 , 73 , 92 , 73 , 84 , 43 , 22 , 0 , 77 , 95 , 76 , 17 , 81 , 43 , 29 , 99 , 81 , 92 , 79 , 18 , 58 , 17 , 77 , 75 , 3 , 26 , 57 , 75 , 96 , 21 , 56 , 16 , 97 , 86 , 68 , 12
70: 26 , 19 , 66 , 59 , 23 , 24 , 31 , 5 , 3 , 89 , 83 , 80 , 6 , 32 , 69 , 89 , 36 , 85 , 24 , 77 , 51 , 34 , 61 , 35 , 74 , 18 , 46 , 57 , 36 , 40 , 29 , 47 , 83 , 0 , 71 , 28 , 2 , 4 , 1 , 49 , 18 , 47 , 58 , 84 , 25 , 81 , 67 , 31 , 63 , 91 , 65 , 50 , 86 , 1 , 57 , 19 , 76 , 92 , 15 , 21 , 49 , 44 , 45 , 63 , 64 , 30 , 22 , 88 , 30 , 14 , 84 , 67 , 84 , 23 , 44 , 83 , 90 , 84 , 54 , 25 , 66 , 30 , 98 , 7 , 71 , 80 , 65 , 61 , 45 , 1 , 8 , 42 , 30 , 12 , 70 , 34 , 13 , 82 , 30 , 59 , 32 , 8 , 98 , 4 , 31 , 39 , 19 , 89 , 10
71: 50 , 25 , 11 , 55 , 75 , 47 , 65 , 24 , 9 , 74 , 23 , 28 , 10 , 54 , 79 , 49 , 85 , 70 , 21 , 30 , 36 , 65 , 89 , 0 , 71 , 4 , 6 , 59 , 20 , 2 , 82 , 89 , 99 , 48 , 14 , 33 , 7 , 88 , 8 , 49 , 37 , 62 , 28 , 89 , 69 , 52 , 2 , 23 , 30 , 22 , 45 , 17 , 17 , 52 , 39 , 28 , 36 , 34 , 33 , 29 , 23 , 63 , 80 , 68 , 25 , 2 , 81 , 88 , 72 , 8 , 26 , 25 , 42 , 93 , 23 , 14 , 57 , 67 , 55 , 79 , 80 , 35 , 22 , 71 , 96 , 60 , 94 , 28 , 46 , 41 , 11 , 24 , 52 , 40 , 4 , 46 , 77 , 76 , 10 , 81 , 13 , 32 , 17 , 42 , 7
72: 97 , 3 , 81 , 25 , 77 , 94 , 67 , 5 , 58 , 62 , 6 , 7 , 77 , 56 , 3 , 96 , 34 , 58 , 98 , 1 , 4 , 67 , 88 , 8 , 98 , 6 , 23 , 36 , 70 , 67 , 23 , 3 , 64 , 5 , 76 , 36 , 77 , 2 , 46 , 85 , 57 , 52 , 88 , 90 , 66 , 56 , 48 , 25 , 35 , 70 , 62 , 46 , 7 , 52 , 44 , 88 , 50 , 55 , 4 , 16 , 30 , 16 , 67 , 86 , 88 , 51 , 4 , 12 , 1 , 7 , 98 , 77 , 27 , 37 , 58 , 37 , 83 , 63 , 18 , 70 , 10 , 60 , 31 , 16 , 42 , 71 , 96 , 33 , 58 , 42 , 37 , 76 , 80 , 28 , 19 , 77
73: 0 , 64 , 24 , 53 , 87 , 31 , 36 , 70 , 79 , 39 , 2 , 69 , 11 , 85 , 33 , 78 , 56 , 39 , 61 , 53 , 42 , 85 , 75 , 66 , 52 , 45 , 21 , 7 , 86 , 18 , 69 , 99 , 24 , 73 , 45 , 27 , 61 , 92 , 11 , 56 , 63 , 72 , 94 , 10 , 10 , 5 , 23 , 54 , 11 , 37 , 5 , 3 , 10 , 37 , 33 , 97 , 86 , 73 , 38 , 84 , 39 , 56 , 36 , 19 , 30 , 41 , 26 , 28 , 21 , 54 , 63 , 1 , 22 , 69 , 75 , 27 , 30 , 44 , 99 , 58 , 12 , 6 , 97 , 3 , 8 , 44 , 43 , 12 , 34 , 55 , 48 , 76 , 48 , 80 , 81 , 74 , 96 , 17 , 89 , 28 , 88 , 91 , 29 , 47 , 19 , 58 , 28 , 84 , 21 , 75 , 61
74: 78 , 32 , 26 , 76 , 98 , 17 , 93 , 36 , 95 , 47 , 25 , 68 , 20 , 38 , 88 , 87 , 55 , 9 , 85 , 31 , 87 , 10 , 35 , 71 , 36 , 84 , 40 , 12 , 37 , 99 , 88 , 25 , 59 , 23 , 88 , 94 , 92 , 94 , 17 , 14 , 94 , 95 , 80 , 3 , 11 , 8 , 70 , 25 , 50 , 87 , 11 , 54 , 64 , 24 , 65 , 20 , 92 , 1 , 96 , 33 , 29 , 44 , 68 , 63 , 4 , 64 , 94 , 49 , 25 , 4 , 92 , 4 , 70 , 45 , 44 , 93 , 66 , 52 , 90 , 89 , 24 , 79 , 55 , 50 , 9 , 78 , 38 , 55 , 4 , 63 , 23 , 21 , 80 , 58 , 79 , 61
75: 41 , 16 , 98 , 85 , 5 , 12 , 81 , 76 , 94 , 40 , 24 , 40 , 6 , 68 , 26 , 65 , 71 , 64 , 95 , 66 , 44 , 37 , 33 , 67 , 21 , 52 , 13 , 44 , 16 , 35 , 90 , 87 , 22 , 43 , 46 , 1 , 96 , 53 , 68 , 79 , 69 , 84 , 38 , 10 , 49 , 34 , 50 , 5 , 59 , 81 , 56 , 27 , 11 , 64 , 42 , 87 , 83 , 57 , 37 , 46 , 79 , 41 , 80 , 39 , 59 , 22 , 76 , 23 , 89 , 98 , 6 , 73 , 44 , 45 , 92 , 95 , 21 , 21 , 75 , 14 , 1 , 94 , 45 , 32 , 86 , 35 , 11 , 11 , 44 , 73 , 51 , 40 , 26 , 57 , 17 , 79 , 46 , 0 , 7 , 82
76: 32 , 0 , 60 , 86 , 24 , 70 , 54 , 56 , 7 , 52 , 23 , 12 , 66 , 39 , 77 , 43 , 66 , 70 , 80 , 86 , 79 , 11 , 37 , 98 , 97 , 89 , 0 , 85 , 35 , 6 , 87 , 39 , 56 , 80 , 31 , 28 , 47 , 27 , 2 , 40 , 96 , 37 , 81 , 10 , 20 , 44 , 21 , 95 , 41 , 7 , 96 , 31 , 3 , 77 , 64 , 41 , 3 , 9 , 64 , 58 , 70 , 99 , 94 , 77 , 35 , 24 , 61 , 6 , 68 , 21 , 66 , 20 , 23 , 46 , 14 , 23 , 31 , 30 , 6 , 47 , 9 , 56 , 15 , 52 , 24 , 0 , 56 , 90 , 81 , 18 , 30
77: 4 , 95 , 39 , 83 , 44 , 53 , 69 , 28 , 39 , 4 , 29 , 61 , 82 , 44 , 94 , 28 , 38 , 48 , 44 , 94 , 11 , 72 , 55 , 44 , 23 , 27 , 87 , 69 , 43 , 26 , 90 , 93 , 29 , 68 , 52 , 30 , 52 , 18 , 91 , 22 , 46 , 14 , 37 , 68 , 71 , 57 , 53 , 29 , 93 , 83 , 57 , 15 , 72 , 21 , 58 , 78 , 66 , 90 , 29 , 88 , 87 , 56 , 83 , 93 , 48 , 80 , 45 , 37 , 93 , 98 , 74 , 27 , 92 , 53 , 12 , 42 , 14 , 11 , 51 , 18 , 90 , 41 , 97 , 67 , 25 , 0 , 63 , 2 , 13 , 59 , 33 , 76 , 76 , 97 , 85 , 34 , 37 , 99 , 17 , 97 , 68 , 75 , 44 , 83 , 19 , 86 , 14 , 25 , 27 , 63 , 35 , 89
78: 1 , 60 , 79 , 70 , 81 , 47 , 62 , 55 , 62 , 10 , 3 , 79 , 54 , 99 , 16 , 26 , 56 , 98 , 5 , 16 , 38 , 0 , 66 , 35 , 38 , 45 , 47 , 74 , 54 , 43 , 28 , 15 , 18 , 7 , 0 , 67 , 25 , 10 , 91 , 41 , 87 , 42 , 66 , 28 , 14 , 11 , 11 , 2 , 85 , 68 , 29 , 29 , 53 , 84 , 63 , 28 , 78 , 45 , 49 , 74 , 97 , 89 , 66 , 47 , 52 , 59 , 10 , 20 , 3 , 31 , 81 , 55 , 77 , 20 , 95 , 87 , 36 , 38 , 91 , 66 , 62 , 18 , 19 , 39 , 55 , 0 , 99 , 12 , 65 , 75 , 28 , 40 , 66
79: 64 , 36 , 24 , 30 , 12 , 52 , 30 , 82 , 83 , 23 , 43 , 15 , 81 , 57 , 51 , 2 , 46 , 63 , 97 , 35 , 34 , 60 , 91 , 2 , 58 , 94 , 25 , 44 , 45 , 29 , 17 , 36 , 78 , 40 , 25 , 38 , 61 , 47 , 49 , 71 , 25 , 89 , 40 , 90 , 33 , 19 , 21 , 27 , 76 , 82 , 73 , 30 , 83 , 3 , 67 , 40 , 69 , 99 , 42 , 14 , 86 , 72 , 33 , 54 , 58 , 74 , 77 , 19 , 6 , 38 , 21 , 79 , 66 , 17 , 15 , 11 , 96 , 29 , 4 , 45 , 6 , 97 , 32 , 67 , 73 , 57 , 81 , 84 , 34 , 40
80: 2 , 39 , 72 , 44 , 84 , 5 , 65 , 87 , 23 , 32 , 82 , 56 , 1 , 53 , 63 , 72 , 82 , 32 , 94 , 95 , 0 , 42 , 4 , 5 , 51 , 11 , 83 , 2 , 34 , 59 , 28 , 18 , 85 , 83 , 72 , 3 , 40 , 0 , 12 , 74 , 54 , 77 , 67 , 62 , 28 , 51 , 46 , 89 , 73 , 27 , 0 , 11 , 50 , 66 , 48 , 90 , 63 , 12 , 55 , 12 , 70 , 0 , 37 , 94 , 67 , 28 , 1 , 22 , 87 , 48 , 19 , 19 , 22 , 51 , 14 , 47 , 38 , 16 , 83 , 21 , 64 , 40 , 99 , 46 , 67 , 65 , 56 , 69 , 79 , 35 , 97 , 76 , 58 , 12 , 9
81: 5 , 98 , 54 , 91 , 49 , 62 , 34 , 97 , 82 , 25 , 56 , 2 , 96 , 73 , 5 , 75 , 49 , 88 , 96 , 19 , 78 , 74 , 18 , 61 , 31 , 3 , 1 , 36 , 85 , 37 , 69 , 80 , 85 , 11 , 41 , 83 , 64 , 79 , 68 , 54 , 21 , 86 , 83 , 12 , 11 , 86 , 34 , 16 , 48 , 14 , 78 , 86 , 83 , 80 , 25 , 15 , 8 , 35 , 17 , 80 , 90 , 81 , 50 , 56 , 83 , 61 , 24 , 17 , 51 , 35 , 50 , 36 , 1 , 86 , 73 , 95 , 83 , 20 , 83 , 54 , 29 , 51 , 93 , 26 , 67
82: 94 , 69 , 54 , 76 , 78 , 74 , 73 , 32 , 3 , 98 , 6 , 97 , 58 , 35 , 66 , 93 , 86 , 12 , 36 , 47 , 43 , 0 , 21 , 10 , 83 , 56 , 97 , 15 , 94 , 68 , 11 , 82 , 18 , 33 , 8 , 32 , 90 , 89 , 36 , 69 , 25 , 13 , 5 , 76 , 87 , 42 , 83 , 76 , 11 , 31 , 6 , 91 , 34 , 83 , 93 , 40 , 77 , 34 , 68 , 76 , 2 , 33 , 93 , 85 , 43 , 38 , 73 , 79 , 8 , 19 , 23 , 30 , 36 , 60 , 54 , 95 , 78 , 8 , 3 , 62 , 99 , 58 , 20 , 60 , 10 , 69 , 87 , 61 , 67 , 60 , 47 , 95 , 35 , 45 , 37 , 39
83: 29 , 14 , 30 , 57 , 94 , 18 , 95 , 25 , 58 , 90 , 39 , 62 , 53 , 75 , 21 , 36 , 56 , 9 , 18 , 89 , 4 , 68 , 91 , 81 , 88 , 33 , 78 , 57 , 25 , 39 , 59 , 48 , 13 , 50 , 51 , 31 , 25 , 78 , 62 , 45 , 90 , 80 , 38 , 40 , 78 , 60 , 59 , 10 , 80 , 81 , 92 , 34 , 1 , 71 , 21 , 15 , 13 , 35 , 99 , 14 , 79 , 16 , 99 , 55 , 40 , 72 , 57 , 7 , 20 , 32 , 70 , 43 , 83 , 41 , 54 , 23 , 80 , 30 , 92 , 52 , 52 , 50 , 64 , 23 , 86 , 14 , 28 , 96 , 94 , 81 , 12 , 1 , 59 , 64 , 7 , 39 , 66 , 68 , 41 , 80 , 25 , 49 , 36 , 43 , 60 , 83 , 26 , 13 , 54 , 34
84: 83 , 83 , 1 , 39 , 9 , 88 , 16 , 38 , 31 , 57 , 19 , 91 , 23 , 9 , 0 , 34 , 76 , 97 , 62 , 7 , 51 , 39 , 8 , 60 , 35 , 13 , 14 , 6 , 28 , 43 , 96 , 37 , 62 , 49 , 22 , 12 , 40 , 90 , 99 , 35 , 43 , 50 , 81 , 0 , 66 , 11 , 5 , 30 , 20 , 44 , 85 , 16 , 9 , 82 , 61 , 69 , 24 , 43 , 13 , 36 , 97 , 53 , 37 , 61 , 74 , 4 , 14 , 26 , 73 , 11 , 63 , 40 , 29 , 44 , 61 , 0 , 91 , 70 , 63 , 83 , 32 , 27 , 68 , 79 , 57 , 59 , 5 , 43 , 44 , 88 , 2 , 12 , 67 , 91 , 40 , 99 , 35 , 77
85: 59 , 54 , 48 , 89 , 17 , 27 , 70 , 48 , 45 , 88 , 50 , 70 , 76 , 60 , 20 , 85 , 3 , 48 , 69 , 46 , 79 , 20 , 47 , 18 , 42 , 95 , 27 , 12 , 19 , 20 , 45 , 44 , 63 , 11 , 59 , 32 , 2 , 66 , 13 , 94 , 53 , 24 , 75 , 81 , 56 , 35 , 62 , 54 , 78 , 96 , 85 , 14 , 75 , 24 , 86 , 78 , 33 , 79 , 67 , 9 , 28 , 55 , 39 , 44 , 83 , 75 , 85 , 47 , 41 , 21 , 17 , 50 , 77 , 29 , 62 , 97 , 8 , 19 , 52 , 54 , 44 , 15 , 48 , 16 , 50 , 16 , 95 , 20 , 60 , 11 , 39 , 5 , 40 , 42 , 40 , 7 , 60 , 20 , 76 , 24 , 52 , 83 , 24 , 99 , 86 , 69 , 42 , 90 , 65 , 10 , 59 , 67 , 98
86: 8 , 0 , 28 , 55 , 95 , 39 , 33 , 37 , 55 , 85 , 48 , 5 , 52 , 88 , 44 , 75 , 56 , 36 , 34 , 38 , 35 , 9 , 32 , 18 , 18 , 93 , 62 , 47 , 94 , 10 , 50 , 25 , 19 , 88 , 25 , 20 , 45 , 34 , 1 , 46 , 26 , 42 , 38 , 93 , 68 , 15 , 65 , 30 , 64 , 27 , 44 , 52 , 10 , 49 , 14 , 64 , 89 , 77 , 76 , 21 , 27 , 14 , 67 , 16 , 5 , 95 , 53 , 73 , 0 , 96 , 69 , 67 , 3 , 40 , 0 , 74 , 34 , 81 , 15 , 97 , 78 , 23 , 35 , 14 , 9 , 69 , 27 , 22 , 40 , 92 , 50 , 7 , 71 , 74 , 45 , 63 , 82 , 2 , 69 , 48 , 78 , 48 , 18 , 78
87: 75 , 4 , 15 , 38 , 75 , 41 , 64 , 9 , 40 , 48 , 22 , 5 , 89 , 84 , 60 , 16 , 86 , 59 , 38 , 23 , 32 , 32 , 63 , 22 , 48 , 53 , 8 , 61 , 48 , 87 , 34 , 78 , 28 , 20 , 1 , 18 , 71 , 98 , 52 , 40 , 34 , 82 , 36 , 80 , 84 , 44 , 23 , 2 , 22 , 78 , 30 , 11 , 57 , 79 , 93 , 13 , 22 , 28 , 19 , 82 , 50 , 62 , 31 , 85 , 44 , 87 , 46 , 68 , 30 , 41 , 29 , 30 , 87 , 32 , 77 , 11 , 55 , 27 , 60 , 72 , 39 , 89 , 66 , 59 , 7 , 59 , 88 , 94 , 66 , 81 , 85 , 9 , 81 , 31 , 21 , 98 , 52 , 47 , 68 , 2 , 19 , 47 , 55 , 12
88: 70 , 74 , 0 , 7 , 14 , 53 , 72 , 29 , 59 , 28 , 35 , 8 , 73 , 98 , 41 , 97 , 12 , 74 , 17 , 32 , 52 , 41 , 22 , 10 , 7 , 35 , 77 , 98 , 43 , 32 , 8 , 98 , 15 , 12 , 88 , 57 , 1 , 94 , 86 , 71 , 70 , 28 , 91 , 18 , 74 , 87 , 88 , 14 , 21 , 71 , 17 , 47 , 34 , 47 , 46 , 29 , 39 , 28 , 80 , 24 , 58 , 54 , 91 , 0 , 10 , 72 , 11 , 2 , 17 , 87 , 82 , 33 , 86 , 53 , 46 , 33 , 94 , 39 , 56 , 51 , 86 , 25 , 95 , 14 , 9 , 42 , 23 , 37 , 36 , 50 , 92 , 88 , 60 , 45 , 33 , 20 , 23 , 17 , 43 , 33 , 16 , 31 , 26 , 55 , 86 , 37 , 3 , 33 , 37 , 57 , 74 , 10 , 7 , 56 , 81 , 8 , 59 , 84 , 0 , 95 , 28 , 83 , 5 , 75 , 92 , 71
89: 3 , 60 , 59 , 17 , 98 , 28 , 22 , 59 , 69 , 1 , 4 , 60 , 68 , 74 , 69 , 30 , 63 , 3 , 73 , 61 , 3 , 14 , 64 , 72 , 42 , 90 , 36 , 82 , 9 , 43 , 71 , 49 , 58 , 35 , 81 , 97 , 59 , 27 , 47 , 72 , 3 , 51 , 26 , 13 , 97 , 92 , 45 , 2 , 51 , 32 , 15 , 39 , 56 , 89 , 93 , 59 , 54 , 91 , 10 , 77 , 11 , 42 , 49 , 18 , 99 , 65 , 32 , 99 , 63 , 78 , 29 , 22 , 92 , 64 , 19 , 28 , 3 , 5 , 86 , 52 , 4 , 86 , 59 , 6 , 47 , 67 , 96 , 24 , 90 , 86 , 86 , 37 , 92 , 74 , 57 , 34 , 64 , 39 , 19 , 63 , 53
90: 35 , 26 , 98 , 10 , 44 , 54 , 20 , 94 , 8 , 85 , 74 , 56 , 90 , 32 , 93 , 17 , 47 , 44 , 55 , 53 , 48 , 11 , 74 , 60 , 20 , 9 , 65 , 2 , 44 , 9 , 90 , 19 , 55 , 48 , 47 , 98 , 30 , 29 , 92 , 93 , 19 , 84 , 8 , 87 , 1 , 53 , 45 , 62 , 39 , 80 , 43 , 50 , 56 , 88 , 22 , 94 , 49 , 59 , 72 , 62 , 63 , 93 , 28 , 69 , 12 , 46 , 86 , 53 , 83 , 9 , 59 , 56 , 75 , 35 , 53 , 88 , 53 , 61 , 27 , 25 , 21 , 28 , 71 , 45 , 94 , 83 , 24 , 92 , 1 , 55 , 87
91: 57 , 47 , 71 , 0 , 86 , 17 , 25 , 37 , 45 , 55 , 75 , 1 , 26 , 73 , 32 , 30 , 7 , 89 , 3 , 88 , 46 , 69 , 37 , 45 , 79 , 80 , 73 , 40 , 92 , 9 , 11 , 92 , 53 , 30 , 82 , 45 , 73 , 40 , 10 , 94 , 22 , 39 , 63 , 95 , 90 , 3 , 27 , 55 , 34 , 32 , 52 , 30 , 78 , 64 , 51 , 84 , 10 , 27 , 29 , 11 , 52 , 44 , 18 , 14 , 47 , 66 , 62 , 9 , 51 , 74 , 11 , 41 , 42 , 9 , 89 , 1 , 66 , 73 , 42 , 47 , 76 , 58 , 72 , 4 , 91 , 17 , 52 , 4 , 63 , 47
92: 55 , 99 , 27 , 47 , 38 , 42 , 64 , 96 , 43 , 76 , 50 , 37 , 37 , 64 , 75 , 59 , 91 , 14 , 53 , 95 , 57 , 84 , 27 , 91 , 56 , 78 , 6 , 75 , 14 , 54 , 84 , 78 , 19 , 27 , 37 , 67 , 0 , 29 , 83 , 42 , 18 , 7 , 39 , 67 , 40 , 87 , 59 , 35 , 46 , 57 , 24 , 81 , 13 , 41 , 84 , 13 , 45 , 93 , 3 , 2 , 83 , 19 , 69 , 13 , 36 , 42 , 82 , 58 , 58 , 18 , 72 , 27 , 46 , 68 , 74 , 64 , 73 , 42 , 66 , 14 , 85 , 17 , 72 , 15 , 66 , 81 , 71 , 91 , 61 , 77 , 75 , 11 , 62 , 53 , 88 , 15 , 84 , 94 , 9 , 42 , 40
93: 84 , 48 , 49 , 21 , 99 , 99 , 0 , 7 , 0 , 12 , 1 , 14 , 6 , 46 , 87 , 99 , 19 , 42 , 61 , 77 , 56 , 12 , 71 , 74 , 59 , 59 , 79 , 92 , 75 , 1 , 55 , 9 , 21 , 30 , 2 , 8 , 48 , 54 , 54 , 79 , 18 , 88 , 27 , 55 , 49 , 80 , 43 , 26 , 83 , 21 , 28 , 17 , 39 , 22 , 85 , 86 , 20 , 23 , 82 , 90 , 2 , 53 , 49 , 56 , 24 , 39 , 33 , 89 , 40 , 28 , 9 , 99 , 78 , 19 , 77 , 49 , 80 , 72 , 54 , 4 , 99 , 78 , 84 , 19 , 39 , 42 , 7 , 68 , 75 , 15 , 24 , 54 , 83 , 98 , 69 , 3 , 49 , 9 , 58 , 44 , 19
94: 73 , 12 , 18 , 52 , 57 , 17 , 23 , 99 , 4 , 45 , 93 , 72 , 85 , 91 , 80 , 99 , 63 , 14 , 72 , 83 , 32 , 51 , 62 , 63 , 78 , 99 , 78 , 29 , 62 , 11 , 1 , 18 , 7 , 69 , 19 , 38 , 83 , 16 , 52 , 5 , 20 , 96 , 69 , 70 , 98 , 48 , 28 , 42 , 69 , 35 , 67 , 57 , 28 , 99 , 31 , 64 , 36 , 31 , 37 , 53 , 20 , 35 , 25 , 35 , 24 , 8 , 13 , 66 , 95 , 74 , 63 , 12 , 33 , 82 , 21 , 61 , 26 , 62 , 92 , 77 , 82 , 81 , 45 , 82 , 71 , 52 , 84 , 47 , 40 , 90 , 94 , 87 , 42 , 34 , 59 , 77 , 92 , 56 , 75 , 31 , 32 , 72 , 97 , 33 , 31 , 48 , 76 , 89 , 49 , 80 , 19
95: 84 , 75 , 53 , 93 , 91 , 1 , 49 , 71 , 26 , 24 , 32 , 67 , 95 , 95 , 93 , 27 , 32 , 39 , 5 , 91 , 83 , 49 , 96 , 80 , 13 , 6 , 13 , 56 , 37 , 68 , 44 , 51 , 45 , 38 , 21 , 88 , 91 , 70 , 58 , 10 , 28 , 43 , 76 , 88 , 73 , 6 , 57 , 98 , 43 , 92 , 85 , 23 , 32 , 55 , 19 , 49 , 79 , 31 , 95 , 26 , 11 , 58 , 4 , 40 , 74 , 19 , 46 , 32 , 10 , 29 , 60 , 2 , 99 , 78 , 30 , 55 , 44 , 42 , 49 , 9 , 16 , 20 , 95 , 55 , 12 , 6 , 17 , 85 , 84 , 91 , 22 , 57 , 51 , 48 , 49 , 37
96: 7 , 64 , 78 , 56 , 71 , 86 , 74 , 64 , 82 , 79 , 47 , 8 , 46 , 98 , 3 , 74 , 78 , 80 , 35 , 53 , 41 , 33 , 68 , 43 , 1 , 86 , 57 , 21 , 93 , 30 , 78 , 8 , 44 , 23 , 14 , 68 , 10 , 98 , 16 , 79 , 94 , 51 , 37 , 70 , 26 , 71 , 31 , 14 , 68 , 36 , 41 , 78 , 10 , 42 , 9 , 84 , 3 , 62 , 56 , 78 , 60 , 2 , 10 , 57 , 15 , 30 , 64 , 7 , 1 , 48 , 34 , 18 , 97 , 30 , 11 , 18 , 80 , 65 , 47 , 18 , 87 , 1 , 18 , 9 , 49 , 89 , 82 , 68 , 68 , 79 , 8 , 3 , 12 , 28 , 63 , 43 , 72 , 47 , 68 , 10 , 30 , 0 , 64 , 6
97: 98 , 27 , 33 , 86 , 96 , 20 , 5 , 7 , 48 , 63 , 51 , 77 , 58 , 33 , 20 , 57 , 92 , 75 , 79 , 52 , 39 , 15 , 4 , 67 , 76 , 49 , 48 , 29 , 61 , 42 , 25 , 14 , 64 , 39 , 27 , 54 , 35 , 16 , 59 , 11 , 66 , 21 , 14 , 29 , 97 , 72 , 89 , 98 , 40 , 13 , 56 , 99 , 11 , 21 , 55 , 0 , 4 , 79 , 70 , 88 , 3 , 6 , 42 , 28 , 72 , 7 , 38 , 70 , 10 , 86 , 86 , 50 , 48 , 19 , 32 , 68 , 59 , 63 , 79 , 5 , 11 , 68 , 93 , 64 , 4 , 27 , 60 , 52 , 28 , 98 , 51 , 51 , 5 , 85 , 35 , 53 , 1 , 64 , 75 , 82 , 86 , 8 , 28 , 20 , 99 , 47 , 84 , 14 , 30 , 19 , 41 , 92 , 33 , 87 , 86 , 53 , 97
98: 9 , 78 , 80 , 5 , 18 , 27 , 67 , 29 , 16 , 89 , 9 , 84 , 70 , 17 , 6 , 68 , 92 , 68 , 30 , 69 , 47 , 86 , 53 , 95 , 15 , 68 , 92 , 96 , 80 , 8 , 41 , 88 , 21 , 71 , 48 , 71 , 47 , 42 , 61 , 61 , 89 , 58 , 55 , 30 , 65 , 74 , 78 , 36 , 98 , 67 , 36 , 36 , 16 , 46 , 95 , 29 , 69 , 71 , 22 , 22 , 42 , 7 , 51 , 29 , 74 , 43 , 67 , 42 , 15 , 38 , 4 , 25 , 90 , 0 , 24 , 11 , 73 , 84 , 6
99: 15 , 46 , 55 , 88 , 68 , 14 , 81 , 50 , 76 , 91 , 37 , 12 , 67 , 84 , 50 , 52 , 60 , 80 , 32 , 1 , 90 , 23 , 16 , 94 , 65 , 57 , 35 , 33 , 85 , 31 , 0 , 41 , 67 , 87 , 47 , 67 , 14 , 78 , 96 , 0 , 66 , 51 , 1 , 6 , 29 , 11 , 6 , 94 , 91 , 66 , 16 , 20 , 63 , 96 , 30 , 91 , 63 , 35 , 14 , 67 , 96 , 26 , 83 , 92 , 17 , 0 , 91 , 92 , 33 , 32 , 61 , 41 , 35 , 85 , 3 , 43 , 38 , 73 , 88 , 66 , 22 , 2 , 34 , 56 , 49 , 17 , 20 , 61
100: 18 , 68 , 9 , 25 , 29 , 49 , 81 , 53 , 50 , 68 , 51 , 55 , 68 , 94 , 99 , 65 , 48 , 66 , 73 , 92 , 72 , 97 , 91 , 49 , 62 , 60 , 89 , 1 , 83 , 90 , 1 , 88 , 91 , 84 , 87 , 96 , 66 , 68 , 5 , 60 , 37 , 23 , 2 , 8 , 65 , 76 , 84 , 88 , 23 , 57 , 26 , 11 , 86 , 78 , 94 , 7 , 55 , 97 , 7 , 87 , 63 , 50 , 62 , 97 , 77 , 8 , 37 , 90 , 0 , 19 , 45 , 29 , 2 , 96 , 4 , 24 , 52 , 62 , 91 , 17 , 64 , 18 , 98 , 14 , 21 , 30 , 71